Alin=[(-1),0,0,0;1,0,0,0;(-1),0,0,0.981E1;0,0,1,0];
Blin=[1;0;1;0];
Clin=[0,1,0,0;0,0,0,1];
Dlin=[0;0];
K=[(-0.140775E1),(-0.101937E0),0.440775E1,0.159119E2];
L=[0,0.101937E0+(-0.149119E2).*wD2.^2.*(0.981E1+wD2.^2).^(-1),( ...
  -0.140775E1).*wD2+0.440775E1.*wD2.^3.*(0.981E1+wD2.^2).^(-1)];
