Alin=[(-1),0,0,0;1,0,0,0;(-1),0,0,0.981E1;0,0,1,0];
Blin=[1;0;1;0];
Clin=[0,1,0,0;0,0,0,1];
Dlin=[0;0];
K=[(-0.222324E1),(-0.407747E0),0.722324E1,0.232177E2];
L=[(-1),(-0.407747E0)+wD2.^2+0.232177E2.*wD2.^2.*(0.981E1+wD2.^2).^(-1),( ...
  -0.322324E1).*wD2+0.722324E1.*wD2.^3.*(0.981E1+wD2.^2).^(-1)];
Gamma=[(-1),wD2.^2,(-1).*wD2];
PiMat=[0,0,(-1).*wD2;0,(-1),0;0,0,(-1).*wD2.^3.*(0.981E1+wD2.^2).^(-1);0,(-1) ...
  .*wD2.^2.*(0.981E1+wD2.^2).^(-1),0];
